,Customer Pincode,AWB Code,Order ID,Warehouse Pincode,X Zone,Type of Shipment,Weight (g),Weight (kg),Slab,Expected charge by x
0,507101,1091117222124,2001806232,121003,d,Forward charges,1302.0,1.302,1.5,135.0
1,486886,1091117222194,2001806273,121003,d,Forward charges,615.0,0.615,0.5,45.4
2,532484,1091117222931,2001806408,121003,d,Forward charges,2265.0,2.265,2.5,224.60000000000002
3,143001,1091117223244,2001806458,121003,b,Forward charges,700.0,0.7,0.5,33.0
4,515591,1091117229345,2001807012,121003,d,Forward charges,240.0,0.24,0.5,45.4
5,326502,1091117229555,2001806686,121003,d,Forward charges,240.0,0.24,0.5,45.4
6,208019,1091117229776,2001806885,121003,b,Forward charges,840.0,0.84,0.5,33.0
7,140301,1091117323112,2001807058,121003,b,Forward charges,1168.0,1.168,1.0,61.3
8,140301,1091117435134,2001808118,121003,b,Forward charges,343.0,0.343,0.5,33.0
9,396001,1091117323812,2001807186,121003,d,Forward charges,500.0,0.5,0.5,45.4
10,711106,1091117324206,2001807290,121003,d,Forward charges,500.0,0.5,0.5,45.4
11,284001,1091117326612,2001807814,121003,b,Forward charges,607.0,0.607,0.5,33.0
12,441601,1091117327172,2001807931,121003,d,Forward charges,607.0,0.607,0.5,45.4
13,248006,1091117327275,2001807956,121003,b,Forward charges,1080.0,1.08,1.0,61.3
14,485001,1091117327312,2001807960,121003,d,Forward charges,930.0,0.93,0.5,45.4
15,845438,1091117327695,2001807930,121003,d,Forward charges,240.0,0.24,0.5,45.4
16,463106,1091117435005,2001808102,121003,d,Forward charges,1157.0,1.157,1.0,90.19999999999999
17,140301,1091117323112,2001807058,121003,b,Forward charges,1168.0,1.168,1.0,61.3
18,140301,1091117435134,2001808118,121003,b,Forward charges,343.0,0.343,0.5,33.0
19,495671,1091117435370,2001808207,121003,d,Forward charges,607.0,0.607,0.5,45.4
20,673002,1091117435661,2001808295,121003,e,Forward and RTO charges,245.0,0.245,0.5,107.30000000000001
21,208002,1091117436383,2001808507,121003,b,Forward charges,607.0,0.607,0.5,33.0
22,416010,1091117436464,2001808542,121003,d,Forward charges,734.0,0.734,0.5,45.4
23,226010,1091117437050,2001808675,121003,b,Forward charges,1183.0,1.183,1.0,61.3
24,400705,1091117327496,2001807976,121003,d,Forward and RTO charges,721.0,0.721,0.5,86.69999999999999
25,262405,1091118547832,2001812838,121003,b,Forward and RTO charges,558.0,0.558,0.5,53.5
26,394210,1091119398844,2001816684,121003,d,Forward and RTO charges,920.0,0.92,0.5,86.69999999999999
27,411014,1091119630264,2001817160,121003,d,Forward and RTO charges,700.0,0.7,0.5,86.69999999999999
28,783301,1091120014461,2001818390,121003,e,Forward and RTO charges,841.0,0.841,0.5,107.30000000000001
29,486661,1091120959015,2001821190,121003,d,Forward and RTO charges,1200.0,1.2,1.5,176.3
30,244001,1091121485824,2001817093,121003,b,Forward and RTO charges,1357.0,1.357,1.5,110.1
31,492001,1091121666133,2001823564,121003,d,Forward and RTO charges,672.0,0.672,0.5,86.69999999999999
32,517128,1091121981575,2001825261,121003,d,Forward and RTO charges,1557.0,1.557,1.5,176.3
33,562110,1091117957780,2001811192,121003,d,Forward and RTO charges,1032.0,1.032,1.0,131.5
34,831006,1091121482593,2001809917,121003,d,Forward and RTO charges,630.0,0.63,0.5,86.69999999999999
35,140604,1091117221940,2001806210,121003,b,Forward charges,220.0,0.22,0.5,33.0
36,723146,1091117222065,2001806226,121003,d,Forward charges,480.0,0.48,0.5,45.4
37,421204,1091117222080,2001806229,121003,d,Forward charges,500.0,0.5,0.5,45.4
38,263139,1091117222135,2001806233,121003,b,Forward charges,245.0,0.245,0.5,33.0
39,743263,1091117222146,2001806251,121003,d,Forward charges,245.0,0.245,0.5,45.4
40,392150,1091117222570,2001806338,121003,d,Forward charges,500.0,0.5,0.5,45.4
41,382830,1091117223211,2001806446,121003,d,Forward charges,500.0,0.5,0.5,45.4
42,711303,1091117224353,2001806533,121003,d,Forward charges,500.0,0.5,0.5,45.4
43,283102,1091117224611,2001806547,121003,b,Forward charges,127.0,0.127,0.5,33.0
44,370201,1091117224902,2001806567,121003,d,Forward charges,952.0,0.952,1.0,90.19999999999999
45,248001,1091117225016,2001806575,121003,b,Forward charges,500.0,0.5,0.5,33.0
46,248001,1091117227816,2001806801,121003,b,Forward charges,361.0,0.361,0.5,33.0
47,144001,1091117225484,2001806616,121003,b,Forward charges,963.0,0.963,1.0,61.3
48,403401,1091117226221,2001806652,121003,d,Forward charges,500.0,0.5,0.5,45.4
49,452001,1091117226674,2001806733,121003,d,Forward charges,967.0,0.967,1.0,90.19999999999999
50,721636,1091117226711,2001806735,121003,d,Forward charges,500.0,0.5,0.5,45.4
51,831002,1091117226910,2001806726,121003,d,Forward charges,500.0,0.5,0.5,45.4
52,226004,1091117227573,2001806776,121003,b,Forward charges,611.0,0.611,0.5,33.0
53,248001,1091117225016,2001806575,121003,b,Forward charges,500.0,0.5,0.5,33.0
54,248001,1091117227816,2001806801,121003,b,Forward charges,361.0,0.361,0.5,33.0
55,410206,1091117229290,2001807004,121003,d,Forward charges,500.0,0.5,0.5,45.4
56,516503,1091117323005,2001807036,121003,d,Forward charges,1459.0,1.459,1.5,135.0
57,742103,1091117323215,2001807084,121003,d,Forward charges,500.0,0.5,0.5,45.4
58,452018,1091117324394,2001807362,121003,d,Forward charges,2016.0,2.016,2.0,179.8
59,208001,1091117325094,2001807415,121003,b,Forward charges,1048.0,1.048,1.0,61.3
60,244713,1091117616121,2001809592,121003,b,Forward charges,1505.0,1.505,1.5,89.6
61,580007,1091117795531,2001809794,121003,d,Forward charges,1517.0,1.517,1.5,135.0
62,360005,1091117795623,2001809820,121003,d,Forward charges,3080.0,3.08,,45.4
63,313027,1091117223351,2001806471,121003,d,Forward charges,1621.0,1.621,1.5,135.0
64,341001,1091117324011,2001807241,121003,d,Forward charges,607.0,0.607,0.5,45.4
65,332715,1091117327570,2001807981,121003,d,Forward charges,500.0,0.5,0.5,45.4
66,302031,1091117435602,2001808286,121003,d,Forward charges,601.0,0.601,0.5,45.4
67,302031,1091117437890,2001808837,121003,d,Forward charges,500.0,0.5,0.5,45.4
68,335001,1091117437680,2001808801,121003,d,Forward charges,731.0,0.731,0.5,45.4
69,335001,1091117436346,2001808475,121003,d,Forward charges,500.0,0.5,0.5,45.4
70,334004,1091117804200,2001810104,121003,d,Forward charges,601.0,0.601,0.5,45.4
71,321001,1091117957533,2001811153,121003,d,Forward charges,607.0,0.607,0.5,45.4
72,324001,1091117957942,2001811229,121003,d,Forward charges,505.0,0.505,0.5,45.4
73,321608,1091117958395,2001811363,121003,d,Forward charges,508.0,0.508,0.5,45.4
74,302002,1091118001865,2001811466,121003,d,Forward charges,607.0,0.607,0.5,45.4
75,302002,1091118591534,2001812650,121003,d,Forward charges,563.0,0.563,0.5,45.4
76,311011,1091118009786,2001811809,121003,d,Forward and RTO charges,500.0,0.5,0.5,86.69999999999999
77,306302,1091118548333,2001812854,121003,d,Forward charges,2572.0,2.572,2.5,224.60000000000002
78,313001,1091118553701,2001813009,121003,d,Forward charges,720.0,0.72,0.5,45.4
79,313001,1091120959225,2001821185,121003,d,Forward charges,2098.0,2.098,2.0,179.8
80,313001,1091120962515,2001821284,121003,d,Forward charges,177.0,0.177,0.5,45.4
81,313001,1091121034641,2001821766,121003,d,Forward charges,240.0,0.24,0.5,45.4
82,302002,1091118001865,2001811466,121003,d,Forward charges,607.0,0.607,0.5,45.4
83,302002,1091118591534,2001812650,121003,d,Forward charges,563.0,0.563,0.5,45.4
84,322255,1091118925110,2001814580,121003,d,Forward and RTO charges,127.0,0.127,0.5,86.69999999999999
85,302017,1091119169701,2001815688,121003,d,Forward charges,220.0,0.22,0.5,45.4
86,302017,1091119367193,2001816131,121003,d,Forward charges,554.0,0.554,0.5,45.4
87,302017,1091117222360,2001806304,121003,d,Forward charges,500.0,0.5,0.5,45.4
88,302017,1091117806263,2001810549,121003,d,Forward charges,986.0,0.986,1.0,90.19999999999999
89,302017,1091117958163,2001811306,121003,d,Forward charges,945.0,0.945,0.5,45.4
90,302017,1091119169701,2001815688,121003,d,Forward charges,220.0,0.22,0.5,45.4
91,302017,1091119367193,2001816131,121003,d,Forward charges,554.0,0.554,0.5,45.4
92,302017,1091117222360,2001806304,121003,d,Forward charges,500.0,0.5,0.5,45.4
93,302017,1091117806263,2001810549,121003,d,Forward charges,986.0,0.986,1.0,90.19999999999999
94,302017,1091117958163,2001811306,121003,d,Forward charges,945.0,0.945,0.5,45.4
95,335512,1091119429202,2001816996,121003,d,Forward charges,500.0,0.5,0.5,45.4
96,313001,1091118553701,2001813009,121003,d,Forward charges,720.0,0.72,0.5,45.4
97,313001,1091120959225,2001821185,121003,d,Forward charges,2098.0,2.098,2.0,179.8
98,313001,1091120962515,2001821284,121003,d,Forward charges,177.0,0.177,0.5,45.4
99,313001,1091121034641,2001821766,121003,d,Forward charges,240.0,0.24,0.5,45.4
100,313001,1091118553701,2001813009,121003,d,Forward charges,720.0,0.72,0.5,45.4
101,313001,1091120959225,2001821185,121003,d,Forward charges,2098.0,2.098,2.0,179.8
102,313001,1091120962515,2001821284,121003,d,Forward charges,177.0,0.177,0.5,45.4
103,313001,1091121034641,2001821766,121003,d,Forward charges,240.0,0.24,0.5,45.4
104,307026,1091121031745,2001821679,121003,d,Forward charges,165.0,0.165,0.5,45.4
105,327025,1091121034114,2001821742,121003,d,Forward charges,240.0,0.24,0.5,45.4
106,313333,1091121034350,2001821750,121003,d,Forward charges,755.0,0.755,0.5,45.4
107,313001,1091118553701,2001813009,121003,d,Forward charges,720.0,0.72,0.5,45.4
108,313001,1091120959225,2001821185,121003,d,Forward charges,2098.0,2.098,2.0,179.8
109,313001,1091120962515,2001821284,121003,d,Forward charges,177.0,0.177,0.5,45.4
110,313001,1091121034641,2001821766,121003,d,Forward charges,240.0,0.24,0.5,45.4
111,342008,1091121183730,2001821995,121003,d,Forward charges,477.0,0.477,0.5,45.4
112,314401,1091121185863,2001821502,121003,d,Forward charges,558.0,0.558,0.5,45.4
113,342301,1091121305541,2001822466,121003,d,Forward charges,1376.0,1.376,1.5,135.0
114,313003,1091121306101,2001820690,121003,d,Forward charges,65.0,0.065,0.5,45.4
115,173212,1091118004245,2001811604,121003,b,Forward charges,721.0,0.721,0.5,33.0
116,173212,1091121844806,2001811475,121003,b,Forward charges,689.0,0.689,0.5,33.0
117,174101,1091120352712,2001819252,121003,b,Forward charges,270.0,0.27,0.5,33.0
118,173213,1091122418320,2001827036,121003,b,Forward charges,2176.0,2.176,2.0,117.89999999999999
119,302017,1091119169701,2001815688,121003,d,Forward charges,220.0,0.22,0.5,45.4
120,302017,1091119367193,2001816131,121003,d,Forward charges,554.0,0.554,0.5,45.4
121,302017,1091117222360,2001806304,121003,d,Forward charges,500.0,0.5,0.5,45.4
122,302017,1091117806263,2001810549,121003,d,Forward charges,986.0,0.986,1.0,90.19999999999999
123,302017,1091117958163,2001811306,121003,d,Forward charges,945.0,0.945,0.5,45.4
124,322201,1091117227116,2001806768,121003,d,Forward charges,840.0,0.84,0.5,45.4
125,314001,1091117228133,2001806823,121003,d,Forward charges,127.0,0.127,0.5,45.4
126,331022,1091117228192,2001806828,121003,d,Forward charges,500.0,0.5,0.5,45.4
127,305801,1091117229183,2001806968,121003,d,Forward charges,500.0,0.5,0.5,45.4
128,335502,1091117324346,2001807328,121003,d,Forward charges,490.0,0.49,0.5,45.4
129,306116,1091117326424,2001807785,121003,d,Forward charges,500.0,0.5,0.5,45.4
130,311001,1091117326925,2001807852,121003,d,Forward charges,500.0,0.5,0.5,45.4
131,302019,1091117327474,2001807970,121003,d,Forward charges,765.0,0.765,0.5,45.4
132,302039,1091117333100,2001807329,121003,d,Forward charges,500.0,0.5,0.5,45.4
133,335803,1091117333251,2001807613,121003,d,Forward charges,830.0,0.83,0.5,45.4
134,335001,1091117437680,2001808801,121003,d,Forward charges,731.0,0.731,0.5,45.4
135,335001,1091117436346,2001808475,121003,d,Forward charges,500.0,0.5,0.5,45.4
136,175101,1091117436652,2001808585,121003,b,Forward charges,500.0,0.5,0.5,33.0
137,303903,1091117437035,2001808679,121003,d,Forward charges,500.0,0.5,0.5,45.4
138,342012,1091117437293,2001808739,121003,d,Forward charges,220.0,0.22,0.5,45.4
139,334001,1091117437864,2001808832,121003,d,Forward charges,600.0,0.6,0.5,45.4
140,302031,1091117435602,2001808286,121003,d,Forward charges,601.0,0.601,0.5,45.4
141,302031,1091117437890,2001808837,121003,d,Forward charges,500.0,0.5,0.5,45.4
142,302012,1091117438074,2001808883,121003,d,Forward charges,500.0,0.5,0.5,45.4
143,302012,1091118442390,2001812195,121003,d,Forward charges,500.0,0.5,0.5,45.4
144,342014,1091117611501,2001808992,121003,d,Forward charges,500.0,0.5,0.5,45.4
145,324005,1091117613962,2001809270,121003,d,Forward charges,500.0,0.5,0.5,45.4
146,302001,1091117803511,2001809934,121003,d,Forward charges,361.0,0.361,0.5,45.4
147,302004,1091117804314,2001810125,121003,d,Forward charges,500.0,0.5,0.5,45.4
148,302018,1091117805390,2001810281,121003,d,Forward charges,500.0,0.5,0.5,45.4
149,302018,1091117905022,2001811058,121003,d,Forward charges,500.0,0.5,0.5,45.4
150,302017,1091119169701,2001815688,121003,d,Forward charges,220.0,0.22,0.5,45.4
151,302017,1091119367193,2001816131,121003,d,Forward charges,554.0,0.554,0.5,45.4
152,302017,1091117222360,2001806304,121003,d,Forward charges,500.0,0.5,0.5,45.4
153,302017,1091117806263,2001810549,121003,d,Forward charges,986.0,0.986,1.0,90.19999999999999
154,302017,1091117958163,2001811306,121003,d,Forward charges,945.0,0.945,0.5,45.4
155,324008,1091117807140,2001810697,121003,d,Forward charges,607.0,0.607,0.5,45.4
156,302020,1091117904860,2001811039,121003,d,Forward charges,488.0,0.488,0.5,45.4
157,302020,1091121846136,2001811305,121003,d,Forward charges,750.0,0.75,0.5,45.4
158,302018,1091117805390,2001810281,121003,d,Forward charges,500.0,0.5,0.5,45.4
159,302018,1091117905022,2001811058,121003,d,Forward charges,500.0,0.5,0.5,45.4
160,302017,1091119169701,2001815688,121003,d,Forward charges,220.0,0.22,0.5,45.4
161,302017,1091119367193,2001816131,121003,d,Forward charges,554.0,0.554,0.5,45.4
162,302017,1091117222360,2001806304,121003,d,Forward charges,500.0,0.5,0.5,45.4
163,302017,1091117806263,2001810549,121003,d,Forward charges,986.0,0.986,1.0,90.19999999999999
164,302017,1091117958163,2001811306,121003,d,Forward charges,945.0,0.945,0.5,45.4
165,302012,1091117438074,2001808883,121003,d,Forward charges,500.0,0.5,0.5,45.4
166,302012,1091118442390,2001812195,121003,d,Forward charges,500.0,0.5,0.5,45.4
167,325207,1091118551656,2001812941,121003,d,Forward charges,500.0,0.5,0.5,45.4
168,303702,1091117614452,2001809383,121003,d,Forward and RTO charges,607.0,0.607,0.5,86.69999999999999
169,313301,1091120922803,2001820978,121003,d,Forward charges,515.0,0.515,0.5,45.4
170,173212,1091118004245,2001811604,121003,b,Forward charges,721.0,0.721,0.5,33.0
171,173212,1091121844806,2001811475,121003,b,Forward charges,689.0,0.689,0.5,33.0
172,302020,1091117904860,2001811039,121003,d,Forward charges,488.0,0.488,0.5,45.4
173,302020,1091121846136,2001811305,121003,d,Forward charges,750.0,0.75,0.5,45.4
